0.000000	1.000000	
10.400020	2.000000	
10.800120	3.000000	
10.800200	4.000000	
11.200210	5.000000	
11.200300	6.000000	
11.200380	7.000000	
11.200470	8.000000	
11.600310	9.000000	
11.600400	10.000000	
11.600480	11.000000	
11.600570	12.000000	
11.600650	13.000000	
11.600740	14.000000	
11.600820	15.000000	
11.600910	16.000000	
12.000410	17.000000	
12.000490	18.000000	
12.000580	19.000000	
12.000660	20.000000	
12.000750	20.050000	
12.000830	20.100000	
12.000920	20.150000	
12.001000	20.199000	
12.001090	20.249000	
12.001180	20.298000	
12.001260	20.347000	
12.001350	20.397000	
12.001430	20.446000	
12.001520	20.494000	
12.001600	20.543000	
12.001690	20.592000	
12.400510	20.641000	
12.400590	20.689000	
12.400680	20.737000	
12.400760	20.786000	
12.400850	20.834000	
12.400930	20.882000	
12.401020	20.930000	
12.401100	20.977000	
12.401190	21.025000	
12.401270	21.073000	
12.401360	21.120000	
12.401440	21.167000	
12.401530	21.215000	
12.401610	21.262000	
12.401700	21.309000	
12.401780	21.356000	
12.401870	21.403000	
12.401960	21.449000	
12.402040	21.496000	
12.402130	21.542000	
12.800600	21.589000	
12.800690	21.635000	
12.800770	21.681000	
12.800860	21.727000	
12.800940	21.773000	
12.801030	21.819000	
12.801110	21.865000	
12.801200	21.911000	
12.801290	21.957000	
12.801370	22.002000	
12.801460	22.048000	
12.801540	22.093000	
12.801630	22.138000	
12.801710	22.183000	
12.801800	22.228000	
12.801880	22.273000	
12.801970	22.318000	
12.802050	22.363000	
12.802140	22.408000	
12.802220	22.453000	
13.200700	22.497000	
13.200790	22.542000	
13.200870	22.586000	
13.200960	22.630000	
13.201040	22.674000	
13.201130	22.718000	
13.201210	22.762000	
13.201300	22.806000	
13.201380	22.850000	
13.201470	22.894000	
13.201550	22.938000	
13.201640	22.981000	
13.201720	23.025000	
13.201810	23.068000	
13.201890	23.112000	
13.201980	23.155000	
13.202060	23.198000	
13.202150	23.241000	
13.202240	23.284000	
13.202320	23.327000	
13.600800	23.370000	
13.600880	23.413000	
13.600970	23.455000	
13.601050	23.498000	
13.601140	23.541000	
13.601220	23.583000	
13.601310	23.626000	
13.601390	23.668000	
13.601480	23.710000	
13.601570	23.752000	
13.601650	23.794000	
13.601740	23.836000	
13.601820	23.878000	
13.601910	23.920000	
13.601990	23.962000	
13.602080	24.004000	
13.602160	24.045000	
13.602250	24.087000	
13.602330	24.129000	
13.602420	24.170000	
14.000900	24.211000	
14.000980	24.253000	
14.001070	24.294000	
14.001150	24.335000	
14.001240	24.376000	
14.001320	24.417000	
14.001410	24.458000	
14.001490	24.499000	
14.001580	24.540000	
14.001660	24.581000	
14.001750	24.621000	
14.001830	24.662000	
14.001920	24.702000	
14.002000	24.743000	
14.002090	24.783000	
14.002170	24.824000	
14.002260	24.864000	
14.002340	24.904000	
14.002430	24.944000	
14.002520	24.984000	
14.400990	25.024000	
14.401080	25.064000	
14.401160	25.104000	
14.401250	25.144000	
14.401330	25.184000	
14.401420	25.224000	
14.401500	25.263000	
14.401590	25.303000	
14.401670	25.342000	
14.401760	25.382000	
14.401850	25.421000	
14.401930	25.461000	
14.402020	25.500000	
14.402100	25.539000	
14.402190	25.578000	
14.402270	25.617000	
14.402360	25.656000	
14.402440	25.695000	
14.402530	25.734000	
14.402610	25.773000	
14.801090	25.812000	
14.801180	25.851000	
14.801260	25.889000	
14.801350	25.928000	
14.801430	25.967000	
14.801520	26.005000	
14.801600	26.044000	
14.801690	26.082000	
14.801770	26.120000	
14.801860	26.159000	
14.801940	26.197000	
14.802030	26.235000	
14.802110	26.273000	
14.802200	26.311000	
14.802280	26.349000	
14.802370	26.387000	
14.802450	26.425000	
14.802540	26.463000	
14.802630	26.501000	
14.802710	26.538000	
15.201190	26.576000	
15.201270	26.614000	
15.201360	26.651000	
15.201440	26.689000	
15.201530	26.726000	
15.201610	26.764000	
15.201700	26.801000	
15.201780	26.838000	
15.201870	26.876000	
15.201960	26.913000	
15.202040	26.950000	
15.202130	26.987000	
15.202210	27.024000	
15.202300	27.061000	
15.202380	27.098000	
15.202470	27.135000	
15.202550	27.172000	
15.202640	27.209000	
15.202720	27.245000	
15.202810	27.282000	
15.642810	1.000000	
